4.071771639727506908e+01 -7.399183541989670232e+01
3.344943805020125893e+01 -1.120021396901754684e+02
3.344638027037988337e+01 -1.119018875621235907e+02
4.187824377967115197e+01 -8.762984336226328708e+01
3.768868157406161146e+01 -1.224093303735914731e+02
3.888616521559929851e+01 -7.704878333074303498e+01
3.335734456232509615e+01 -1.118226541076039240e+02
3.376663623218335886e+01 -8.439328918481656672e+01
4.236321863984889546e+01 -7.107368760857386292e+01
4.760624471741766683e+01 -1.223320438262709331e+02
3.611722914299027565e+01 -1.151710734228068844e+02
3.406039755458240847e+01 -1.182487090265987604e+02
4.497794782033687255e+01 -9.326730088526049656e+01
3.026718361698159043e+01 -9.774311928133026584e+01
4.076687624004166111e+01 -7.383335349045205476e+01
3.973583015262530438e+01 -1.049865804277082191e+02
3.995168037300773278e+01 -7.516273592391682712e+01
3.403548695312115768e+01 -1.184389977194614829e+02
3.298089338217788935e+01 -1.170781179782192822e+02
3.280302053531546846e+01 -9.676989743494408458e+01
3.734787114392445062e+01 -1.219472872235437961e+02
2.854350154663291406e+01 -8.137642862287087553e+01
3.271134443394277724e+01 -1.171536387479104349e+02
3.222171315180739981e+01 -1.109265351526116490e+02
3.412740221911526817e+01 -1.183518837251065179e+02
2.976269775472515633e+01 -9.538231370472439608e+01
4.304053281677046527e+01 -8.791433256599364654e+01
3.381730643390888957e+01 -1.178912491709580053e+02
3.739029243202584496e+01 -1.220872864361108014e+02
2.578581241996749895e+01 -8.021793803682540158e+01
4.552348321464672409e+01 -1.226762804213793459e+02
3.356973460352671879e+01 -1.123140158382770153e+02
3.367430265976575754e+01 -1.178587892677727496e+02
-6.212766656385003472e+00 1.068446598123778415e+02
2.794944607964623984e+01 -8.246507359999979769e+01
3.416021038496434414e+01 -1.182236165732691546e+02
3.910009487559828045e+01 -9.458243870167420653e+01
3.522726338097584886e+01 -8.084318161707373918e+01
4.365295022190731089e+01 -7.938260886984478759e+01
3.779314222000013501e+01 -1.222663832720002404e+02
3.999683240512088389e+01 -8.299995493315388728e+01
3.976845028060121479e+01 -8.615824943415347548e+01
3.387298601157017686e+01 -1.183620911465564518e+02
4.764522458401321359e+01 -1.221686748159577576e+02
3.928625030782620797e+01 -7.661466929101514722e+01
3.404892809999974190e+01 -1.110937311000008378e+02
4.043917464447823562e+01 -7.999565033282209470e+01
3.413146014917951021e+01 -1.181180118061020465e+02
4.076666831931465396e+01 -7.419249554890971865e+01
3.754372493738020466e+01 -1.223023085619807375e+02
3.365089599288025823e+01 -1.177520739728161345e+02
3.380987795526309725e+01 -1.181489238069081296e+02
4.086517173375199974e+01 -7.387214013624497966e+01
4.148748453037534034e+01 -8.170746926211562311e+01
2.942491663242302025e+01 -9.849362410785046507e+01
2.612086265863310430e+01 -8.015890668021569354e+01
3.577131422276116979e+01 -7.863671409664156897e+01
3.864552533799978562e+01 -9.022935878999973625e+01
5.150299126088708590e+01 -1.255372887096776746e-01
4.496203406779659417e+01 -9.311910779660993853e+01
3.858153308777306734e+01 -1.214956514567687123e+02
4.070807102398185862e+01 -7.358440031945706039e+01
3.898522152361123005e+01 -7.740597233611103434e+01
3.886832041904759194e+01 -7.724339935619022413e+01
3.409129753463421508e+01 -1.179803894526824735e+02
4.075959995477387565e+01 -1.118960777793973307e+02
3.912856780854259853e+01 -8.450309269949755731e+01
3.754294466903542826e+01 -7.746858879340079795e+01
3.616420399795930507e+01 -8.678143980816328451e+01
4.924017197830703196e+01 -1.231118602227517869e+02
3.520135159999993846e+01 -1.116392489999998503e+02
3.287758405935833395e+01 -9.701473146898432276e+01
3.900565654919786596e+01 -7.712653098181820610e+01
4.001498559999987492e+01 -1.052705456000002613e+02
4.098471839888889434e+01 -7.377423909722224948e+01
3.406188557374306924e+01 -1.176717845776538667e+02
4.125352750000006807e+01 -9.599938277816079335e+01
4.048887518959529075e+01 -7.442261149017343769e+01
2.996622818596494398e+01 -9.007729902046757786e+01
4.206520071333328303e+01 -8.780762188000004187e+01
4.185435650060597368e+01 -8.785689994848495132e+01
3.769303367865857979e+01 -1.220978447780486817e+02
4.488479711963189800e+01 -9.332703229141112899e+01
3.033264489161298982e+01 -8.165430532774165329e+01
4.072580963935479303e+01 -7.429919603935461225e+01
4.307283789473694924e+01 -8.939990342236815479e+01
4.062422883287678133e+01 -7.422584933904118998e+01
3.388832534275859842e+01 -1.180489281717242704e+02
4.289993612569448089e+01 -7.887341406805545319e+01
3.898589733661965795e+01 -9.467220204366218184e+01
3.301182339432620694e+01 -9.670158661914895504e+01
3.419818207092195195e+01 -1.185492768078014620e+02
2.601009824928568293e+01 -8.019999058571431760e+01
3.405601223259261445e+01 -8.431689027259254487e+01
4.060991858814826116e+01 -7.411949520888906306e+01
3.396804695419846354e+01 -8.456806707557240088e+01
4.316220163893142114e+01 -7.761107258473298032e+01
4.304888438682169749e+01 -7.614517626356594349e+01
4.233155171953130491e+01 -8.304453524062486736e+01
3.608379277054309142e+01 -8.665055291576270236e+01
3.407507882560006607e+01 -1.178164718864001230e+02
4.295810022338700662e+01 -8.566805423709685385e+01
2.864040269999997790e+01 -8.134387591626010305e+01
-3.012261999999996664e-01 3.652296410000003135e+01
3.514953430000004886e+01 -9.004898010000016484e+01
-2.354951834615380335e+01 -4.663821888119663583e+01
4.248118989224136044e+01 -8.316129892241364985e+01
4.745259965043489814e+01 -1.222593132208696005e+02
3.825346141491227314e+01 -8.575942131403493818e+01
1.943032442543856320e+01 -9.914107183421046443e+01
3.759111962894740344e+01 -1.220207348359649018e+02
3.909435622589280257e+01 -7.717691474999993773e+01
3.793503947767865014e+01 -1.225240482348216631e+02
4.206940618181821634e+01 -8.800480022727265350e+01
3.578910416727278943e+01 -7.880416963999996938e+01
3.992385156727275586e+01 -7.499005140818179882e+01
4.178755155046737713e+01 -8.813076373831785304e+01
4.105086818301894880e+01 -7.354851961415087658e+01
4.227103333113213068e+01 -8.372662352924547235e+01
3.398393587403843696e+01 -1.180074049730768877e+02
4.006552463300965172e+01 -7.439430641553406076e+01
3.603366899999994644e+01 -1.150023639999999574e+02
3.677826099999995790e+01 -1.194179323999998275e+02
3.272607049600001261e+01 -9.732101128200002904e+01
2.839950740700001930e+01 -8.153741104899998504e+01
4.228367924343434225e+01 -8.558616455252536070e+01
3.318045070204086500e+01 -1.173676917673468694e+02
3.910196142653062878e+01 -7.664161297040828913e+01
4.487394484489789193e+01 -9.348111789693865603e+01
4.005547609896905215e+01 -7.533351810000007731e+01
4.251691315154646134e+01 -8.331173525360831889e+01
2.777915525051548329e+01 -8.264753711855678375e+01
4.550630528350511383e+01 -7.355965378247407216e+01
3.997651584270830938e+01 -8.605148145833341289e+01
3.546854261789481200e+01 -9.751679603999978951e+01
4.159710141063832367e+01 -9.372645914787229060e+01
3.791590780000001359e+01 -1.220607601731182683e+02
3.323623747065219902e+01 -1.116240314978259676e+02
3.278430573736260811e+01 -7.992050398571430492e+01
4.300218064888885294e+01 -8.801437717666679816e+01
4.081356674888893110e+01 -7.443149605333346130e+01
4.231492512471909606e+01 -8.341802047865166969e+01
3.961879543908051460e+01 -1.049938543114944025e+02
3.439317987441864233e+01 -1.185424772569765963e+02
2.635257116627904850e+01 -8.008527871744199444e+01
3.895160293647055028e+01 -9.233439649294115270e+01
3.399977334235298088e+01 -8.415205565058820980e+01
3.278356049404759887e+01 -9.712318197499993744e+01
3.288162144761906802e+01 -9.718290859642853263e+01
4.200904088554217708e+01 -8.809617232771084616e+01
3.044164256024100013e+01 -8.428587994578329301e+01
3.599403290000005029e+01 -7.889861899999988282e+01
3.985493311265816629e+01 -1.050383041949365719e+02
3.852735112278480045e+01 -9.038105192025311396e+01
-6.913102101265830690e+00 1.076077427594937319e+02
4.072422058101269471e+01 -7.340003738481009066e+01
3.591300619493676294e+01 -7.905707519620246160e+01
3.952983591153840592e+01 -1.198114521576925142e+02
3.908246269487180058e+01 -7.752544363076923162e+01
1.350836602564100097e+00 1.038202204128203761e+02
2.620058464102564955e+01 -8.025071612564099155e+01
4.113508972467532487e+01 -7.334649909220783570e+01
3.392431521038960796e+01 -8.427900946753229050e+01
4.504867749078946559e+01 -9.340395351315794414e+01
3.985636094473684921e+01 -7.511196706578932947e+01
3.508449090000004844e+01 -1.066511367000000945e+02
2.570534972105258120e+01 -8.028342873815797986e+01
3.279370556315789997e+01 -1.169878785026314887e+02
4.029152169200000344e+01 -7.468239279599993097e+01
4.028806506533331344e+01 -7.402499130933330207e+01
4.358706659729737254e+01 -1.161958639837835960e+02
4.058581575270270037e+01 -1.050851437405406159e+02
2.130557086486487606e+01 -1.578568172837838688e+02
3.175871980000005834e+01 -1.064869313999998326e+02
4.053299666438358884e+01 -7.429595137945206318e+01
3.768464865915487394e+01 -1.219035963957745139e+02
3.313691896901411127e+01 -9.684826837746466310e+01
4.273284661857144329e+01 -8.453367694428555978e+01
4.262697342142850232e+01 -8.319854748428569735e+01
4.232737153913048189e+01 -7.136285074782604454e+01
3.301823688260866163e+01 -1.172829939782608903e+02
3.883388160000002642e+01 -1.048213634000001235e+02
4.014561193970583020e+01 -7.528321337205886721e+01
3.709024000000000143e+01 -9.571289100000007011e+01
4.080745445882347866e+01 -9.668141625000004069e+01
3.378883224776118510e+01 -8.426754498955219219e+01
4.129770560597012263e+01 -7.295414562985084217e+01
3.681158212238808147e+01 -7.628458863432830128e+01
3.305810629999997730e+01 -1.120476422999999926e+02
4.885776554696970209e+01 2.345798365151513742e+00
4.160032189848488571e+01 -9.360765108484861230e+01
4.001223260156245942e+01 -7.493187819375000913e+01
3.921151927656246272e+01 -7.685037377499998001e+01
3.972943189999995894e+01 -1.048319195000000974e+02
4.014840974218748215e+01 -7.404873530312497110e+01
3.395567922857139109e+01 -8.338157834285719616e+01
4.109426220158729848e+01 -8.150668096507939708e+01
4.245466108095236990e+01 -8.342359858253961136e+01
3.685292630000002134e+01 -7.597798500000007493e+01
3.934761036129037137e+01 -7.677220048709683908e+01
4.113075639677420980e+01 -7.399961724354837145e+01
3.316220987741930770e+01 -9.664954858064513132e+01
3.596349356393435670e+01 -8.391712750983599278e+01
4.488697461475411643e+01 -9.297031761803270911e+01
3.313069531639345655e+01 -1.171243225262294771e+02
4.182248613770491374e+01 -7.140810602295091769e+01
4.734608157000003814e+01 -1.222690195000000415e+02
4.168116835833336609e+01 -8.623894422333347620e+01
4.041024026271187353e+01 -7.424711956610168784e+01
4.035423095084745881e+01 -7.411567474576274606e+01
1.373101117118643977e+01 1.005133620474576475e+02
-6.314698115254234523e+00 1.068131517559321537e+02
4.478208702413787989e+01 -9.318367249655172202e+01
3.568000562241378759e+01 1.397060562913792694e+02
4.405176210526314406e+01 -1.230833470368419853e+02
4.179500354912276094e+01 -7.269092316140353205e+01
3.485256733333336143e+01 -8.239203350877188825e+01
3.603311639999996885e+01 -8.678277720000004081e+01
3.442196136428569986e+01 -1.196934676142856517e+02
3.997535196071428487e+01 -1.050932414267857240e+02
4.366161485357137906e+01 -7.025431398214293210e+01
4.145170499285713817e+01 -8.184819700714292878e+01
4.056362461454545354e+01 -7.452603426181825341e+01
3.345162379454542645e+01 -1.176470244527273223e+02
3.756653499999998047e+01 1.269779692000001177e+02
4.253156651666665056e+01 -8.296434142592592309e+01
3.406812021296292414e+01 -1.172268404907406847e+02
3.295011099999999260e+01 -9.688391698333337843e+01
4.448055118679241815e+01 -7.319678361320747229e+01
3.416418263962263779e+01 -1.188264503943397870e+02
4.116990960754719708e+01 -7.321811186792449178e+01
3.975398973396225699e+01 -8.418965707735843296e+01
3.400030151132080647e+01 -8.103703146226411036e+01
4.183429983396225538e+01 -7.256461691698112304e+01
4.094798430377355913e+01 -7.427348516603775863e+01
4.059422284038461015e+01 -1.118789825480768343e+02
3.769223609999995972e+01 -9.733754480000000342e+01
3.279257481923080775e+01 -1.172247428576923340e+02
4.275314823921567609e+01 -7.145954490980388130e+01
3.045074619999998333e+01 -9.115455099999999788e+01
4.509932456666669509e+01 -9.327443494705873661e+01
4.182690225098040315e+01 -8.831323856078434176e+01
2.795474522941178108e+01 -8.279091589019611774e+01
4.778685906999999133e+01 -1.221916043920000021e+02
4.354997490000003069e+01 -9.670032699999994463e+01
3.395512936800002990e+01 -1.173970650840000900e+02
3.916532499999998151e+01 -8.652638570000000584e+01
4.221333552000000822e+01 -8.797050708999996971e+01
4.798789650204081170e+01 -1.221990184693878092e+02
-7.267715371428566939e+00 1.127416732653061615e+02
2.791610390204080261e+01 -8.224841784897955677e+01
4.252260116122450029e+01 -7.090788364489795015e+01
4.011307317959183649e+01 -7.491828257142857694e+01
4.224284855208335188e+01 -7.096381451250003636e+01
3.882238619791666423e+01 -7.742015213958332254e+01
2.670835772916669271e+01 -8.005192203333339762e+01
3.607254132916668965e+01 -7.979447983333329830e+01
3.365028436041669124e+01 -8.443758000625004456e+01
4.086717449574469185e+01 -7.338055516808510959e+01
1.378679833829786361e+01 1.006155153914893106e+02
-2.290353930000000915e+01 -4.320958689999998370e+01
3.615398159999997318e+01 -9.599277500000002306e+01
3.872035143191488515e+01 -1.212448841553189993e+02
4.172070682391309049e+01 -8.771461837391298388e+01
2.829195570000001325e+01 -8.140757100000007540e+01
2.766482739999999652e+01 -8.151575349999994557e+01
3.348581276956522856e+01 -8.679924081304351091e+01
3.206268793695649322e+01 -8.110157020869556277e+01
2.852905037173912106e+01 -8.155647568695654570e+01
3.874238837826088400e+01 -7.721913204782606499e+01
4.293313088222221552e+01 -7.875293654000002164e+01
3.936294387555553698e+01 -7.442592673555563465e+01
4.426017028222219807e+01 -8.841388403777767735e+01
4.134767893111116166e+01 -7.345140617333336763e+01
2.965163439999999184e+01 -8.232482620000007500e+01
3.041275363999997694e+01 -8.720984056666672757e+01
3.888139580000001416e+01 -9.481912849999991977e+01
4.152272776832468537e+01 -9.054107872406679292e+01
4.021949140227270192e+01 -7.479358449772736606e+01
5.574834951818177586e+01 3.762385041818183140e+01
4.124369069302324675e+01 -7.306478146744183277e+01
4.219556720697675445e+01 -7.118676957674419725e+01
3.388308403953488579e+01 -1.175639578325581738e+02
4.729836829069770943e+01 -1.223617378604651122e+02
3.674772720000002835e+01 -1.197723660999999851e+02
3.407750167380950757e+01 -8.404649003333337021e+01
2.648884247142856907e+01 -8.007008187142849920e+01
3.134275921428573142e+00 1.016755598690475750e+02
3.397257482142858009e+01 -1.181683706666666325e+02
4.011384109999998060e+01 -8.823670261428576111e+01
4.243462138095235758e+01 -7.145071421428572478e+01
3.897166889999999739e+01 -9.523525010000001600e+01
3.861018540238095653e+01 -9.055174977380953294e+01
4.542771741190471602e+01 -1.227896545690475421e+02
3.196859880000002363e+01 -9.990181309999991299e+01
4.261425142439021840e+01 -7.112383345609752894e+01
3.360497865199462098e+01 -8.663696634109183492e+01
3.049481402682928888e+01 -9.766740493658529942e+01
4.107927300000004323e+01 -8.513935129999994444e+01
3.336277800000000582e+01 -1.121686110000000269e+02
4.016724130249998836e+01 -7.513014812250000318e+01
3.635958268499999235e+01 -9.417947600499994110e+01
4.267720624749998137e+01 -7.375123032499996611e+01
4.049620266000001578e+01 -8.899246485999991307e+01
3.697390517500003426e+01 -1.220200796374999470e+02
3.805292796249997167e+01 -1.222765671049999980e+02
3.973594297948714882e+01 -7.555050863846156517e+01
5.252340509999999796e+01 1.341139989999999571e+01
3.941778462051280485e+01 -7.659778866153844490e+01
3.592506370000000260e+01 -8.686888989999998500e+01
4.162184241025641995e+01 -8.777972339999999463e+01
4.225493944871796259e+01 -7.144973115897440152e+01
4.052553159487180068e+01 -7.464741316923078784e+01
2.613884378684207732e+01 -8.033434683684207300e+01
4.540109128947366912e+01 -7.570513336842110164e+01
2.803826827368421704e+01 -8.194780579473685123e+01
4.027352509999997920e+01 -7.689054586578942008e+01
4.121833799473683513e+01 -7.393479548421055370e+01
3.898180428947366494e+01 -7.649960739736840765e+01
4.256062689736842231e+01 -7.122277635263161244e+01
5.104500000000002302e+01 -1.140572222000000409e+02
3.909561068918917215e+01 -7.688814440540534179e+01
3.475143575945948982e+01 -9.228484992432434808e+01
4.225905707297299330e+01 -7.179083654594599295e+01
4.010042838378378605e+01 -8.311003126756757808e+01
4.780529201081078128e+01 -1.223444633729729532e+02
3.971222905000000480e+01 -8.637676057222218162e+01
4.076194797222221666e+01 -7.305967987499998628e+01
4.489943693333332675e+01 -9.362907909444446375e+01
2.806548716666667431e+01 -8.059930491111109063e+01
4.298951553611113496e+01 -7.146588435277779183e+01
4.170686929999999393e+01 -7.392564797222219397e+01
-7.892749999999999488e-01 1.139213269999999909e+02
2.998673129166667195e+01 -9.020393365555551668e+01
4.096048899714285341e+01 -7.220861914571429452e+01
4.013047046285714714e+01 -8.294110988571426901e+01
4.229856200571428815e+01 -8.827068894000005628e+01
4.753178972571427607e+01 -1.220284103285713826e+02
4.301644742941176958e+01 -8.823213489999997705e+01
4.201666670000001602e+01 -9.437666670000000124e+01
4.265263913823528696e+01 -8.300841650882357214e+01
3.830472220000000760e+01 -1.222988888999999517e+02
3.350959430000001049e+01 -1.171657184941175984e+02
3.941304331176467457e+01 -7.741126803823532043e+01
3.473036879999997950e+01 -8.658610369999998113e+01
3.410148729999999517e+01 -8.451937540000002969e+01
3.991861719117647311e+01 -7.533817145294115392e+01
4.243922196764703614e+01 -8.291527936470588145e+01
4.150629537647059664e+01 -7.308288424999997801e+01
3.933104944411765302e+01 -7.457533548235294063e+01
3.422572549999998159e+01 -7.794471019999996031e+01
2.780058280000000437e+01 -9.739638100000000520e+01
3.844095581818180563e+01 -1.227167395333334099e+02
2.526444439999999858e+01 5.531166669999998220e+01
3.554774646060605647e+01 -8.082838935757578724e+01
3.337031969999998893e+01 -1.125837765999999789e+02
2.921111773030303738e+01 -8.102354021515149896e+01
4.127417409090908507e+01 -7.384626447272727034e+01
-8.664362945454550768e+00 1.152113401878788466e+02
3.956552661863273102e+01 -1.047961564527877556e+02
4.061566269062503665e+01 -7.536652545000001169e+01
3.246191387187501931e+01 -8.498893339062499308e+01
4.213534293124999408e+01 -7.143706586250004875e+01
4.210179022499999490e+01 -7.592552983749997964e+01
4.318353895937502074e+01 -8.795640763437502585e+01
3.584887737499997673e+00 9.867732914999994875e+01
3.409865736562500871e+01 -1.173558091218750832e+02
2.067628229374999549e+01 -1.033473153125000721e+02
3.504562969999998501e+01 -8.530968010000000845e+01
3.426590000000000202e+01 -1.192583660000000094e+02
1.459444612580645284e+01 1.210158264935483743e+02
2.664406870967741980e+01 -8.187331197419358375e+01
5.237296399032261007e+01 4.892317222580646607e+00
4.079350004516128081e+01 -7.785759507096774712e+01
3.996186337096772689e+01 -7.560213814193548387e+01
4.016312081290323732e+01 -1.051063721322579738e+02
4.466468697419354328e+01 -9.322828416451615396e+01
4.875955290000000986e+01 -1.224882249000000911e+02
4.147416572258065770e+01 -8.152397445806452936e+01
3.803171360000001044e+01 -8.449513590000002239e+01
4.678029465483874105e+01 -9.210083304516133751e+01
4.088031393225806909e+01 -7.307814735806454109e+01
4.030413109032259200e+01 -7.431252538064516955e+01
3.905582349999999536e+01 -9.568901850000004572e+01
3.994187740999998937e+01 -7.414813923333329626e+01
3.393230805333332256e+01 -8.399220399333334797e+01
3.996259840000001162e+01 -7.672774499999998454e+01
3.356898140333333913e+01 -8.432907162333329154e+01
3.862457133999998149e+01 -1.212981446533333383e+02
4.228177951333331919e+01 -7.158480652000000077e+01
4.225304807333334622e+01 -8.317962892999999269e+01
3.625613004482758583e+01 -9.412431232413791804e+01
3.400500790000000251e+01 -1.188100893000000440e+02
3.902460513103446971e+01 -8.458562820689655837e+01
3.383337159999998534e+01 -1.119507042000000183e+02
3.064426478965516054e+01 -9.634891375862061125e+01
3.802930590000003264e+01 -7.847667810000001509e+01
3.899854259655172228e+01 -7.681361866896551760e+01
2.832970167241379045e+01 -8.067288769655171166e+01
2.733643470000001230e+01 -8.253065269999997611e+01
2.137780984137931028e+01 -1.580030451344827895e+02
4.205843600000002169e+01 -7.017863740000005635e+01
3.357786310000002317e+01 -1.018551665000000099e+02
4.289325042142856859e+01 -8.786338142500005688e+01
4.160564166071428360e+01 -8.820381831785708471e+01
3.619872640000000530e+01 -8.658786063571433544e+01
4.219231578928570059e+01 -8.829305954999998107e+01
2.584567226428569953e+01 -8.031889059642857376e+01
-3.386063042857143301e+01 1.512047759285714505e+02
4.563872809999998736e+01 -1.226614860999999479e+02
4.672955299999997436e+01 -9.468589979999994455e+01
4.041962254642857033e+01 -7.985078620000000171e+01
4.037315943928572182e+01 -7.451987564999998881e+01
3.935657744285715154e+01 -8.449736941428569992e+01
4.244396140000001338e+01 -7.650188069999997253e+01
3.584562129999997637e+01 -8.639027000000001522e+01
3.272532479999998145e+01 -1.146243970000000303e+02
4.051168288214287116e+01 -8.019610841071428808e+01
-3.342574064074075579e+01 -7.057073985925923409e+01
4.345157581481479525e+01 -8.049993848148145048e+01
3.605727738888887046e+01 -9.416586065555559060e+01
4.552231689999999986e+01 -1.224110269629629641e+02
4.135807079999999303e+01 -7.210527855555555732e+01
6.121805560000002089e+01 -1.499002777999999410e+02
3.765944994444444660e+01 -7.751334097407405466e+01
4.272613090000001534e+01 -8.778285229999998762e+01
4.687681992222219662e+01 -9.678729437777776923e+01
4.002898681111111756e+01 -7.631631728888889654e+01
4.153117748888890048e+01 -8.749265338518522128e+01
3.123039300000001717e+01 1.214737039999999979e+02
3.609985959999998073e+01 -8.024421600000003707e+01
4.028623573846154216e+01 -1.116889206230769389e+02
3.721361132307692543e+01 -9.329664310384620762e+01
4.212922409999999473e+01 -8.008505900000000111e+01
3.969452378846154517e+01 -7.575215749230768836e+01
3.320782211153847641e+01 -9.712518336538467167e+01
3.293987711153847187e+01 -9.659048371153845380e+01
-7.790179030769231794e+00 1.103666395884615810e+02
4.199812282307691191e+01 -9.166978686923074804e+01
1.843395050769231602e+01 -6.611070032692308018e+01
4.069404409230769204e+01 -8.959083475384620954e+01
4.120332159999998822e+01 -7.719452470000004496e+01
4.765878019999999538e+01 -1.174260466000000491e+02
-3.461199595769229376e+01 -5.837186535769232165e+01
4.012107735384613960e+01 -7.549086327307692557e+01
2.961953979230769818e+01 -9.563197613846152478e+01
3.461002429999999208e+01 -1.123157209999999537e+02
4.307414914399999617e+01 -7.077226167199999907e+01
4.171216619600000541e+01 -7.143339008399998136e+01
4.029073540400000297e+01 -7.513205323600000440e+01
4.062945249999997088e+01 -7.549198333999996180e+01
4.206242921599999107e+01 -7.119800674799998319e+01
4.160502095600000416e+01 -8.790389908399998831e+01
4.208731462400000822e+01 -8.828416888400001028e+01
3.028279037599999768e+01 -8.139532133599996655e+01
3.878091929166665608e+01 -9.053477922500002251e+01
4.064738827083333206e+01 -7.460210252500000649e+01
4.552541079999999596e+01 -1.229761222333333563e+02
4.138058658333333284e+01 -8.144969834166668932e+01
4.402470619999999712e+01 -8.854261360000003833e+01
4.158984311666666400e+01 -8.367160278333336976e+01
3.659689934999999394e+01 -1.218927997791666940e+02
3.000806682916666901e+01 -9.523665046249998056e+01
3.975554299999999586e+01 -1.052210997000000248e+02
2.866415218749999738e+01 -8.119046940416667724e+01
3.797533902083332435e+01 -1.217373151624999963e+02
3.872894057391305012e+01 -7.508960126956520753e+01
-3.780905405652174522e+01 1.449666813869565090e+02
4.042068759130437883e+01 -8.688953846521739877e+01
4.355211606086953680e+01 -7.962796550434779874e+01
3.934609773043479208e+01 -7.649117086086960171e+01
3.958722220000001357e+01 -7.884249999999998693e+01
4.168137813913043033e+01 -9.157016263043477977e+01
4.319009768260869464e+01 -7.086735821739129904e+01
3.937221209999998450e+01 -1.048560901999999686e+02
4.100527000000000299e+01 2.897695999999999827e+01
3.859669773478262300e+01 -1.228576868347826689e+02
4.540863436956521326e+01 -1.226307089608695549e+02
4.116918656086956929e+01 -8.140734466956521942e+01
3.205950187826086761e+01 3.478865671304345852e+01
4.450789623636362080e+01 -8.802764150454542857e+01
3.763708967272728501e+01 -1.209950978181818613e+02
3.426944739999999712e+01 -1.187814820000000111e+02
4.320726701818180260e+01 -8.811732609090911694e+01
4.703896737272727790e+01 -1.229047272454545379e+02
3.442355656363636740e+01 -1.198458204818181372e+02
3.699892175909088365e+01 -7.639166830909090322e+01
4.313736935909091841e+01 -7.745119461363637470e+01
2.567321099999999490e+01 -1.003092010000000158e+02
4.402163059999998751e+01 -9.246989920000004304e+01
3.540875170000001049e+01 -8.057951099999996813e+01
3.560059031363635995e+01 -8.255043594090908243e+01
4.378443970000000718e+01 -8.878786779999997236e+01
4.136386271818182081e+01 -8.158700702272723504e+01
3.382829486818180698e+01 -8.462414716363635137e+01
3.974338983636364020e+01 -7.496350501363635033e+01
3.964176804761905260e+01 -1.065625437333333849e+02
3.522199709999998873e+01 -1.018312969000000408e+02
4.236871233809522153e+01 -8.788839364761903994e+01
3.448390100000001723e+01 -1.143224547999999885e+02
3.454002420000001905e+01 -1.124685024999999285e+02
3.768187450000001348e+01 -1.217680088000000183e+02
-6.183966223809524543e+00 1.066244471666666556e+02
3.382066686190474769e+01 -1.165300538142857221e+02
4.281978079047619445e+01 -7.393786926666668080e+01
3.287950220000001167e+01 -1.117573520999999630e+02
3.667773720000000992e+01 -1.216555013000000258e+02
4.228499191499999910e+01 -8.908395360500000493e+01
3.967007331499999623e+01 -8.412874244999997586e+01
3.495303369999999887e+01 -1.204357190999999574e+02
3.420731959999999816e+01 -8.414019260000002021e+01
4.166191050000001184e+01 -8.354837847999998246e+01
3.528275240000000679e+01 -1.206596156000000235e+02
4.063109401999999193e+01 -8.940460155999997482e+01
4.263824705999998343e+01 -7.137905408499997861e+01
4.494289749999998662e+01 -1.230350963000000348e+02
3.854500371500001421e+01 -1.217381972050000059e+02
3.486973950000000144e+01 -1.117609895999999452e+02
3.221631599999999906e+01 -8.075260799999999506e+01
4.144773067368420527e+01 -7.402841287894734990e+01
2.614203580000001281e+01 -8.179481029999995201e+01
2.620268920526315171e+01 -9.823160340000002577e+01
3.743157340000001199e+01 -7.865689419999999643e+01
2.993827174736841812e+01 -9.392072047368418453e+01
4.133769753157894655e+01 -8.184286900526316799e+01
4.085669462105263960e+01 -7.461142752105263298e+01
4.218329953157895318e+01 -8.812487344736840100e+01
3.840879930000000542e+01 -1.213716177999999957e+02
3.801826891578948420e+01 -1.218514630842105078e+02
3.370758057368421134e+01 -1.162371269421052631e+02
5.334288732631580388e+01 -6.269302921052632982e+00
3.565283230000000003e+01 -9.747809540000001505e+01
4.137284354210527937e+01 -7.195487932631576200e+01
2.239642800000000733e+01 1.141094969999999620e+02
3.845654584444445589e+01 -1.224189601777777909e+02
4.843306120000000448e+01 -1.233619045333332735e+02
4.760579681666667540e+01 -1.226698036166666412e+02
4.064606219999999581e+01 -1.114979728999999793e+02
4.041745549444445373e+01 -3.700910200000000927e+00
4.038786394991308981e+01 -7.595144173201414617e+01
3.069435659999999899e+01 -8.804305410000000620e+01
-6.247446599999999961e+00 1.071484521000000001e+02
4.187800249999999380e+01 -9.309770200000001239e+01
4.235167427222222614e+01 -7.257957465000001207e+01
3.797458633333334888e+01 -8.755669495555559934e+01
4.119053066666666041e+01 -1.119954203055555695e+02
2.115896400000000810e+01 -8.684593700000003480e+01
2.978578529999999347e+01 -9.582439559999994572e+01
3.537329210000000046e+01 -1.190187125000000208e+02
3.051746591666666930e+01 -9.782575209999998833e+01
3.795770159999999294e+01 -1.212907795999999792e+02
5.568682617647058208e+01 1.258994255294117437e+01
3.347586697647058429e+01 -8.200704912941175451e+01
4.476305669999999992e+01 -8.562063170000003254e+01
3.260985660000000053e+01 -8.548078250000001788e+01
3.713050120000001186e+01 -1.216543900999999721e+02
4.144601576470587645e+01 -7.566807671764706811e+01
-3.305046190000000905e+01 -7.161645150000001081e+01
3.468678460000000285e+01 -1.181541632000000277e+02
5.354356400000001770e+01 -1.134904520000000048e+02
3.007994050000000996e+01 -9.541716010000001802e+01
4.288064250000001465e+01 -7.132728559999999618e+01
4.113998140000000348e+01 -1.048202461999999855e+02
3.552807829999999711e+01 -1.087425843000000327e+02
4.276535431250000840e+01 -7.878260068749999334e+01
3.493523842500000143e+01 -8.223490447499997913e+01
4.368085606250000552e+01 -7.228795208750000256e+01
9.958968481250000337e+00 -8.410563285624999708e+01
3.804118206874999686e+01 -1.221500532625000091e+02
4.164187098749999194e+01 -8.805172695000000260e+01
4.211547442500000216e+01 -7.928636771250000947e+01
5.011151180000000949e+01 8.680505899999999997e+00
3.682522770000001344e+01 -1.197029193999999848e+02
4.368527100000001440e+01 -7.975992399999998383e+01
4.309617089999998996e+01 -8.840263154999998108e+01
3.727070220000000234e+01 -7.670745710000002759e+01
3.231993959999999788e+01 -1.067636537999999859e+02
3.720464289999998897e+01 -8.041268920000001685e+01
4.405817279999997993e+01 -1.213153096000000346e+02
4.125584533125000064e+01 -7.588747089375000598e+01
4.205981338125000946e+01 -7.095125738124998804e+01
6.016995388750000728e+01 2.493773011875001089e+01
4.163459085000000215e+01 -7.263523403750001251e+01
3.040816732666666056e+01 -8.652831985333334330e+01
3.511136034285716079e+01 -8.979798212142858915e+01
4.148620087692308545e+01 -7.059774236153845095e+01
3.259896002307691987e+01 -9.689536536153846669e+01
4.157722423333332529e+01 -7.341572297500002264e+01
4.122039803636364041e+01 -7.366661941818180992e+01
4.161853174999998828e+01 -8.844556817500000534e+01
3.924946860000000015e+01 -7.718212710000000243e+01
3.865877915000000087e+01 -7.688568710000001261e+01
